3.652842938603447 -8.87310034010535 -1
-1.232291174125539 2.817994823211583 1
9.60326883877011 -8.983142323504353 -1
1.155517595289357 -9.274910270121213 -1
-9.113561893367043 0.2638300075306521 1
-7.292169727368139 -7.114742240239125 -1
-2.739998830533728 8.892889062976923 1
5.586060624384283 6.28775205275025 1
-2.7403876264032503 -1.5846679647633124 -1
-9.985376681239783 -9.853174449816231 -1
-2.707896852207872 -1.926037393653596 -1
-7.5971871783068305 6.643618173099885 1
10.205656574831366 -7.700909062919659 -1
-3.982144466945277 7.549735376621488 1
-3.441179932713516 3.5582596224160667 1
-1.0587757043537351 6.742184384216021 1
4.369750586814808 9.037590793499568 1
-3.6970046867420114 9.702359481792787 1
-3.6570780589239194 -8.246207120086574 -1
2.2079752728388407 7.5810062645469785 1
7.442586696698825 3.7632271667864874 -1
-8.657481750329424 -5.6933791577697 -1
-5.78939943137358 -3.891910396135388 -1
4.982405933003347 10.516484877754333 1
-2.5891980034830873 -1.980371515645695 -1
-7.9901563951132015 6.797547898372613 1
1.4229426780523422 3.6844655827625576 1
-6.408407400656879 5.838634877485205 1
9.30625024653234 -4.427542958394373 -1
-1.6295693304021608 3.6159467813044497 1
-6.3939883384233855 -7.076822008091384 -1
2.3785983622012665 0.6606056420483668 -1
-5.213852827410392 4.492980874536483 1
10.394567648954897 9.789971431714662 1
-8.363439826548925 -7.924267580503927 -1
0.1334303602862139 9.42374698249516 1
-8.873885208394366 -4.372310945021588 1
-1.5136176299521988 -7.248626350505175 -1
-8.049580592784984 -8.94936970033579 -1
-8.99375959715182 -1.4310111717940543 1
6.45816451916523 10.817236808285013 1
-2.026388936377753 -7.437783244745792 -1
-4.269420657966438 6.658832082629161 1
-7.327710264712015 -7.8246680903402215 -1
-0.664357380651337 9.478002237634655 1
-7.047353468980723 3.9778297389215673 1
-7.317991878076478 -2.502775306946889 1
0.7682185431472579 4.616212740462505 1
-0.042828038345291475 -7.590467237740517 -1
-4.866590696816829 -6.978213640979543 -1
