-0.042828038345291475 -7.590467237740517 -1
10.205656574831366 -7.700909062919659 -1
1.155517595289357 -9.274910270121213 -1
-1.5136176299521988 -7.248626350505175 -1
-2.026388936377753 -7.437783244745792 -1
2.3785983622012665 0.6606056420483668 -1
-2.5891980034830873 -1.980371515645695 -1
-2.707896852207872 -1.926037393653596 -1
-2.7403876264032503 -1.5846679647633124 -1
3.652842938603447 -8.87310034010535 -1
-3.6570780589239194 -8.246207120086574 -1
-4.866590696816829 -6.978213640979543 -1
-5.78939943137358 -3.891910396135388 -1
-6.3939883384233855 -7.076822008091384 -1
-7.292169727368139 -7.114742240239125 -1
-7.327710264712015 -7.8246680903402215 -1
7.442586696698825 3.7632271667864874 -1
-8.049580592784984 -8.94936970033579 -1
-8.363439826548925 -7.924267580503927 -1
-8.657481750329424 -5.6933791577697 -1
9.30625024653234 -4.427542958394373 -1
9.60326883877011 -8.983142323504353 -1
-9.985376681239783 -9.853174449816231 -1
