0.14733396233961749 -9.255145482307563 1
10.048665705524375 8.385821136233854 1
10.263543040600727 2.8074445923013354 1
10.367008839140308 2.82038203136298 1
10.422586758023844 5.8551211203442595 1
10.428731710048787 -2.667216788552855 1
10.606027095163295 -0.3398806282890021 1
10.950750985399957 4.4865061645458155 1
2.9644208420100107 -2.07930936844346 1
3.81542574935413 -7.176706502850813 1
4.086154004066213 1.5395834158377042 1
4.189427645324608 0.8162130953626043 1
-4.554635091437526 -7.737165782771664 1
4.6640414611251675 -8.440802632866047 1
4.720012102990037 -9.15367956441533 1
4.728116485846835 -3.9695803202596833 1
5.291656354774624 -7.922610421807715 1
-5.495210958347297 -8.858673896595311 1
5.542909289560827 -2.358203240022526 1
-6.3331850423552485 -8.968862658179233 1
6.738245333504349 0.12186186215565975 1
7.062619666174633 0.15834520249197936 1
7.071047241842088 -6.354179059461683 1
7.628959774507507 1.1578860316844235 1
8.058952515715667 -3.428189049887939 1
8.276995116614163 7.423556999360848 1
-8.433004440935806 -9.115141034647118 1
9.86385023797569 -0.1555455287980081 1
