0.1334303602862139 9.42374698249516 1
-0.664357380651337 9.478002237634655 1
0.7682185431472579 4.616212740462505 1
10.394567648954897 9.789971431714662 1
-1.0587757043537351 6.742184384216021 1
-1.232291174125539 2.817994823211583 1
1.4229426780523422 3.6844655827625576 1
-1.6295693304021608 3.6159467813044497 1
2.2079752728388407 7.5810062645469785 1
-2.739998830533728 8.892889062976923 1
-3.441179932713516 3.5582596224160667 1
-3.6970046867420114 9.702359481792787 1
-3.982144466945277 7.549735376621488 1
-4.269420657966438 6.658832082629161 1
4.369750586814808 9.037590793499568 1
4.982405933003347 10.516484877754333 1
-5.213852827410392 4.492980874536483 1
5.586060624384283 6.28775205275025 1
-6.408407400656879 5.838634877485205 1
6.45816451916523 10.817236808285013 1
-7.047353468980723 3.9778297389215673 1
-7.317991878076478 -2.502775306946889 1
-7.5971871783068305 6.643618173099885 1
-7.9901563951132015 6.797547898372613 1
-8.873885208394366 -4.372310945021588 1
-8.99375959715182 -1.4310111717940543 1
-9.113561893367043 0.2638300075306521 1
