-1.5529339019585535 8.909211209158684 -1
-5.495210958347297 -8.858673896595311 1
-7.1059576418756 -0.3644127906595802 -1
-2.1363277772507177 9.08589933785429 -1
10.263543040600727 2.8074445923013354 1
-4.207931219153678 6.656576243332463 -1
6.738245333504349 0.12186186215565975 1
-8.068500927359416 7.1044559551033615 -1
-1.6582126249839746 2.9555355094868023 -1
-8.138602688491751 6.586422995649627 -1
10.367008839140308 2.82038203136298 1
-7.03543384497308 1.7868930238481777 -1
-0.9901972464970132 0.7578134818943258 -1
9.86385023797569 -0.1555455287980081 1
-8.433004440935806 -9.115141034647118 1
8.515513116235997 9.386917468674973 -1
7.5186108973394425 10.806262972854341 -1
0.14733396233961749 -9.255145482307563 1
-8.691988267524993 -7.111058888086257 -1
-1.6367693907600689 -1.0384070100386396 -1
-7.342146245583224 3.4586275928567645 -1
0.9012576038065543 4.04670794363259 -1
3.81542574935413 -7.176706502850813 1
4.728116485846835 -3.9695803202596833 1
-1.7921182491986585 4.653879326363482 -1
-7.619149447859232 8.767899211784737 -1
10.606027095163295 -0.3398806282890021 1
6.72518822454316 7.1153395255969905 -1
-8.95526615031049 7.68770744746768 -1
-0.40995750305612333 1.0537552206774095 -1
10.428731710048787 -2.667216788552855 1
8.058952515715667 -3.428189049887939 1
2.9644208420100107 -2.07930936844346 1
-0.4481968614762408 7.635598517228434 -1
-3.698460093793585 5.2281917344005695 -1
-9.78605729513098 5.371122523093655 -1
5.542909289560827 -2.358203240022526 1
-7.455146741142615 7.6643573345796625 -1
4.086154004066213 1.5395834158377042 1
-1.3551698211797216 2.744093844439467 -1
-8.401779482283985 1.5598803398143257 -1
-7.064349539575039 6.954394573697961 -1
5.291656354774624 -7.922610421807715 1
4.720012102990037 -9.15367956441533 1
7.071047241842088 -6.354179059461683 1
-5.515442347210357 -0.0772902105058435 -1
10.048665705524375 8.385821136233854 1
10.422586758023844 5.8551211203442595 1
8.39029424488746 10.297969596858554 -1
-8.744898180820687 0.7586720755352694 -1
-4.554635091437526 -7.737165782771664 1
7.062619666174633 0.15834520249197936 1
-7.360051962782469 10.053552055713567 -1
-6.494777462475855 -5.390561309587286 -1
-6.3331850423552485 -8.968862658179233 1
-7.495393407572539 -5.454808494065516 -1
-7.9063144852107055 8.318687211308166 -1
4.189427645324608 0.8162130953626043 1
7.628959774507507 1.1578860316844235 1
4.6640414611251675 -8.440802632866047 1
-8.06637392264851 -4.160319285047279 -1
10.950750985399957 4.4865061645458155 1
-5.95127625723728 0.07073613508705634 -1
8.276995116614163 7.423556999360848 1
3.2196295561167467 4.8882431852641215 -1
